-0.131986 -2.27238 0 0 0 -0.730745 0.682651 
-0.496483 -7.62209 0 0 0 -0.355788 0.934567 
6.99828 -8.62154 0 0 0 -0.0620813 0.998071 
10.3284 -8.97397 0 0 0 -0.059028 0.998256 
16.4594 -9.74436 0 0 0 -0.054921 0.998491 
19.0672 -9.93822 0 0 0 -0.0553109 0.998469 
23.5852 -10.5363 0 0 0 0.129678 0.991556 
24.1498 -8.58564 0 0 0 0.632426 0.774621 
24.4923 -6.09414 0 0 0 0.663257 0.748392 
24.8292 -2.97299 0 0 0 0.670517 0.741894 
25.083 -0.265139 0 0 0 0.715715 0.698393 
24.6992 2.33279 0 0 0 0.888055 0.459738 
22.8527 2.88955 0 0 0 0.99666 0.081662 
21.2281 2.90545 0 0 0 0.9989 0.0468855 
17.5407 3.38932 0 0 0 0.998263 0.0589084 
11.7148 4.03215 0 0 0 0.998576 0.0533472 
6.35453 4.58793 0 0 0 0.998356 0.057311 
4.25806 4.89109 0 0 0 0.999796 0.0201741 
0.715251 4.81561 0 0 0 -0.960949 0.276725 
0.0366203 2.23995 0 0 0 -0.792081 0.610417 
-0.131986 -2.27238 0 0 0 -0.730745 0.682651 